vector 259  "HandoverNetworkOneBS.ms1.wimax.msTransceiver.cpsTransceiver.cps_transceiver"  "ugs traffic rate"  1
259	0	0
vector 260  "HandoverNetworkOneBS.ms1.wimax.msTransceiver.cpsTransceiver.cps_transceiver"  "rtps traffic rate"  1
260	0	0
vector 261  "HandoverNetworkOneBS.ms1.wimax.msTransceiver.cpsTransceiver.cps_transceiver"  "ertps traffic rate"  1
261	0	0
vector 262  "HandoverNetworkOneBS.ms1.wimax.msTransceiver.cpsTransceiver.cps_transceiver"  "nrtps traffic rate"  1
262	0	0
vector 263  "HandoverNetworkOneBS.ms1.wimax.msTransceiver.cpsTransceiver.cps_transceiver"  "be traffic rate"  1
263	0	0
vector 264  "HandoverNetworkOneBS.ms1.wimax.msTransceiver.cpsTransceiver.cps_transceiver"  "thoughput uplink"  1
264	0	0
vector 554  "HandoverNetworkOneBS.bs1.wimax.bsTransceiver.cpsTransceiver.cps_transceiver"  "ugs traffic rate"  1
554	0	0
vector 555  "HandoverNetworkOneBS.bs1.wimax.bsTransceiver.cpsTransceiver.cps_transceiver"  "rtps traffic rate"  1
555	0	0
vector 556  "HandoverNetworkOneBS.bs1.wimax.bsTransceiver.cpsTransceiver.cps_transceiver"  "ertps traffic rate"  1
556	0	0
vector 557  "HandoverNetworkOneBS.bs1.wimax.bsTransceiver.cpsTransceiver.cps_transceiver"  "nrtps traffic rate"  1
557	0	0
vector 558  "HandoverNetworkOneBS.bs1.wimax.bsTransceiver.cpsTransceiver.cps_transceiver"  "be traffic rate"  1
558	0	0
vector 559  "HandoverNetworkOneBS.bs1.wimax.bsTransceiver.cpsTransceiver.cps_transceiver"  "thoughput uplink"  1
559	0	0
vector 567  "HandoverNetworkOneBS.bs1.wimax.bsTransceiver.radioTransceiver"  "Sending"  1
567	0.002005	1
vector 257  "HandoverNetworkOneBS.ms1.wimax.msReceiver.radioReceiver"  "normal"  1
257	0.00200503333333	-0.00116565100236
vector 258  "HandoverNetworkOneBS.ms1.wimax.msReceiver.radioReceiver"  "logNormal"  1
258	0.00200503333333	0.673495971956
567	0.002022	1
257	0.00202203333333	0.0540657828587
258	0.00202203333333	0.79346248361
567	0.002039	1
257	0.00203903333333	-0.166820553644
258	0.00203903333333	2.17415670806
567	0.002056	1
257	0.00205603333333	0.444644961405
258	0.00205603333333	0.424610844221
vector 272  "HandoverNetworkOneBS.ms1.wimax.msTransceiver.radioTransceiver"  "Sending"  1
272	0.003029	1
vector 552  "HandoverNetworkOneBS.bs1.wimax.bsReceiver.radioReceiver"  "normal"  1
552	0.00302903333333	0
vector 553  "HandoverNetworkOneBS.bs1.wimax.bsReceiver.radioReceiver"  "logNormal"  1
553	0.00302903333333	1
vector 562  "HandoverNetworkOneBS.bs1.wimax.bsTransceiver.cpsTransceiver.scheduling"  "Scheduled UGS Traffic"  1
562	0.004	0
vector 563  "HandoverNetworkOneBS.bs1.wimax.bsTransceiver.cpsTransceiver.scheduling"  "Scheduled rtPS Traffic"  1
563	0.004	0
vector 564  "HandoverNetworkOneBS.bs1.wimax.bsTransceiver.cpsTransceiver.scheduling"  "Scheduled ertPS Traffic"  1
564	0.004	0
vector 565  "HandoverNetworkOneBS.bs1.wimax.bsTransceiver.cpsTransceiver.scheduling"  "Scheduled nrtPS Traffic"  1
565	0.004	0
vector 566  "HandoverNetworkOneBS.bs1.wimax.bsTransceiver.cpsTransceiver.scheduling"  "Scheduled BE Traffic"  1
566	0.004	0
vector 570  "HandoverNetworkOneBS.bs1.wimax.controlPlane.cp_basestation"  "Management grant capacity"  1
570	0.004	48
567	0.004005	1
257	0.00400503333333	-0.528282827878
258	0.00400503333333	2.90791660889
vector 275  "HandoverNetworkOneBS.ms1.wimax.controlPlane.cp_mobilestation"  "receiverSnrVector"  1
275	0.00401703333333	61.89588382
vector 279  "HandoverNetworkOneBS.ms1.wimax.controlPlane.cp_mobilestation"  "abstandVector"  1
279	0.00401703333333	10
vector 280  "HandoverNetworkOneBS.ms1.wimax.controlPlane.cp_mobilestation"  "x_posVector"  1
280	0.00401703333333	290
vector 281  "HandoverNetworkOneBS.ms1.wimax.controlPlane.cp_mobilestation"  "y_posVector"  1
281	0.00401703333333	300
vector 284  "HandoverNetworkOneBS.ms1.wimax.controlPlane.cp_mobilestation"  "BS1SNR"  1
284	0.00401703333333	61.89588382
280	0.00401703333333	290
281	0.00401703333333	300
279	0.00401703333333	10
vector 294  "HandoverNetworkOneBS.ms1.wimax.controlPlane.cp_mobilestation"  "snr"  1
294	0.00401703333333	61.89588382
567	0.004022	1
257	0.00402203333333	0.689476816639
258	0.00402203333333	0.938737778348
567	0.004039	1
257	0.00403903333333	1.09704648933
258	0.00403903333333	0.642449678307
567	0.004056	1
257	0.00405603333333	0.674512751952
258	0.00405603333333	1.05470016727
567	0.0041405	1
257	0.00414053333333	0.0535088223822
258	0.00414053333333	1.25906184128
562	0.006	0
563	0.006	0
564	0.006	0
565	0.006	0
566	0.006	0
570	0.006	48
567	0.006005	1
257	0.00600503333333	1.01833259862
258	0.00600503333333	1.55730247521
275	0.00601703333333	60.3492683935
279	0.00601703333333	10
280	0.00601703333333	290
281	0.00601703333333	300
284	0.00601703333333	60.3492683935
280	0.00601703333333	290
281	0.00601703333333	300
279	0.00601703333333	10
294	0.00601703333333	60.3492683935
567	0.006022	1
257	0.00602203333333	0.267598636539
258	0.00602203333333	1.3672672134
567	0.006039	1
257	0.00603903333333	0.167871438894
258	0.00603903333333	0.731403170625
567	0.006056	1
257	0.00605603333333	0.223544873403
258	0.00605603333333	1.44806189276
562	0.008	0
563	0.008	0
564	0.008	0
565	0.008	0
566	0.008	0
570	0.008	48
567	0.008005	1
257	0.00800503333333	-0.53336458482
258	0.00800503333333	0.95094098143
275	0.00801703333333	61.9009655769
279	0.00801703333333	10
280	0.00801703333333	290
281	0.00801703333333	300
284	0.00801703333333	61.9009655769
280	0.00801703333333	290
281	0.00801703333333	300
279	0.00801703333333	10
294	0.00801703333333	61.9009655769
567	0.008022	1
257	0.00802203333333	-0.0517948701078
258	0.00802203333333	1.95061391276
567	0.008039	1
257	0.00803903333333	0.264804222826
258	0.00803903333333	1.4271520624
567	0.008056	1
257	0.00805603333333	0.188615277102
258	0.00805603333333	5.58085775688
272	0.009101	1
552	0.00910103333333	0
553	0.00910103333333	1
562	0.01	0
563	0.01	0
564	0.01	0
565	0.01	0
566	0.01	0
570	0.01	48
570	0.01	48
567	0.010005	1
257	0.0100050333333	-0.260832446539
258	0.0100050333333	1.00612020244
275	0.0100170333333	61.6284334386
279	0.0100170333333	10
280	0.0100170333333	290
281	0.0100170333333	300
284	0.0100170333333	61.6284334386
280	0.0100170333333	290
281	0.0100170333333	300
279	0.0100170333333	10
294	0.0100170333333	61.6284334386
567	0.010022	1
257	0.0100220333333	0.187814564619
258	0.0100220333333	0.551145599832
567	0.010039	1
257	0.0100390333333	-1.2161390653
258	0.0100390333333	1.06600070228
567	0.010056	1
257	0.0100560333333	-0.179536430836
258	0.0100560333333	2.75970144848
567	0.0101405	1
257	0.0101405333333	-0.444484257387
258	0.0101405333333	1.08926885979
272	0.011113	1
552	0.0111130333333	0
553	0.0111130333333	1
562	0.012	0
563	0.012	0
564	0.012	0
565	0.012	0
566	0.012	0
570	0.012	48
567	0.012005	1
257	0.0120050333333	-0.385719395741
258	0.0120050333333	0.941799108423
275	0.0120170333333	61.7533203878
279	0.0120170333333	10
280	0.0120170333333	290
281	0.0120170333333	300
284	0.0120170333333	61.7533203878
280	0.0120170333333	290
281	0.0120170333333	300
279	0.0120170333333	10
294	0.0120170333333	61.7533203878
567	0.012022	1
257	0.0120220333333	-0.855803990926
258	0.0120220333333	0.996643044483
567	0.012039	1
257	0.0120390333333	0.151193413692
258	0.0120390333333	0.9072349609
567	0.012056	1
257	0.0120560333333	0.268262651415
258	0.0120560333333	1.44374718585
567	0.0121405	1
257	0.0121405333333	0.178468737924
258	0.0121405333333	0.508788663122
562	0.014	0
563	0.014	0
564	0.014	0
565	0.014	0
566	0.014	0
570	0.014	48
567	0.014005	1
257	0.0140050333333	-0.605411300635
258	0.0140050333333	1.99374788848
275	0.0140170333333	61.9730122927
279	0.0140170333333	10
280	0.0140170333333	290
281	0.0140170333333	300
284	0.0140170333333	61.9730122927
280	0.0140170333333	290
281	0.0140170333333	300
279	0.0140170333333	10
294	0.0140170333333	61.9730122927
567	0.014022	1
257	0.0140220333333	-0.501957906231
258	0.0140220333333	2.12016272046
vector 267  "HandoverNetworkOneBS.ms1.wimax.msTransceiver.cpsTransceiver.scheduling"  "Scheduled UGS Traffic"  1
267	0.0140340333333	0
vector 268  "HandoverNetworkOneBS.ms1.wimax.msTransceiver.cpsTransceiver.scheduling"  "Scheduled rtPS Traffic"  1
268	0.0140340333333	0
vector 269  "HandoverNetworkOneBS.ms1.wimax.msTransceiver.cpsTransceiver.scheduling"  "Scheduled ertPS Traffic"  1
269	0.0140340333333	0
vector 270  "HandoverNetworkOneBS.ms1.wimax.msTransceiver.cpsTransceiver.scheduling"  "Scheduled nrtPS Traffic"  1
270	0.0140340333333	0
vector 271  "HandoverNetworkOneBS.ms1.wimax.msTransceiver.cpsTransceiver.scheduling"  "Scheduled BE Traffic"  1
271	0.0140340333333	0
567	0.014039	1
257	0.0140390333333	1.08035067451
258	0.0140390333333	1.05442452524
567	0.014056	1
257	0.0140560333333	-0.169832717614
258	0.0140560333333	0.519014212834
562	0.016	0
563	0.016	0
564	0.016	0
565	0.016	0
566	0.016	0
570	0.016	48
